5 1 00.0785 0.3 005 200
5 1 00.0898 0.3 005 200
5 1 00.1047 0.3 005 200
5 1 00.1257 0.3 005 200
5 1 00.1571 0.3 005 200
5 1 00.2094 0.3 005 200
5 1 00.3142 0.3 010 200
5 1 00.3927 0.3 010 200
5 1 00.5236 0.3 010 200
5 1 00.7854 0.3 015 200
5 1 01.5707 0.3 025 200
5 1 02.3562 0.3 050 200
5 1 03.1416 0.3 050 200
5 1 03.9270 0.3 100 200
5 1 04.7124 0.3 100 200
5 1 05.4978 0.3 150 200
5 1 06.2832 0.3 150 200
5 1 09.4248 0.3 150 200
5 1 10.9956 0.3 175 200
5 1 12.5664 0.3 200 200
5 1 14.1372 0.3 225 200
5 1 15.7080 0.3 250 200
5 1 17.2788 0.3 275 200
5 1 18.8496 0.3 300 200
5 1 20.4204 0.3 325 200
5 1 21.9911 0.3 350 200
5 1 23.5619 0.3 375 200
5 1 25.1327 0.3 400 200
5 1 26.7035 0.3 425 200
5 1 28.2743 0.3 450 200
5 1 29.8451 0.3 475 200
5 1 31.4159 0.3 500 200
5 1 32.9867 0.3 525 200
5 1 34.5575 0.3 550 200
5 1 36.1283 0.3 575 200
5 1 37.6991 0.3 600 200
5 1 39.2699 0.3 625 200
5 1 40.8407 0.3 650 200
5 1 42.4115 0.3 675 200
6 1 00.0785 0.3 005 200
6 1 00.0898 0.3 005 200
6 1 00.1047 0.3 005 200
6 1 00.1257 0.3 005 200
6 1 00.1571 0.3 005 200
6 1 00.2094 0.3 005 200
6 1 00.3142 0.3 010 200
6 1 00.3927 0.3 010 200
6 1 00.5236 0.3 010 200
6 1 00.7854 0.3 015 200
6 1 01.5707 0.3 025 200
6 1 02.3562 0.3 050 200
6 1 03.1416 0.3 050 200
6 1 03.9270 0.3 100 200
6 1 04.7124 0.3 100 200
6 1 05.4978 0.3 150 200
6 1 06.2832 0.3 150 200
6 1 09.4248 0.3 150 200
6 1 10.9956 0.3 175 200
6 1 12.5664 0.3 200 200
6 1 14.1372 0.3 225 200
6 1 15.7080 0.3 250 200
6 1 17.2788 0.3 275 200
6 1 18.8496 0.3 300 200
6 1 20.4204 0.3 325 200
6 1 21.9911 0.3 350 200
6 1 23.5619 0.3 375 200
6 1 25.1327 0.3 400 200
6 1 26.7035 0.3 425 200
6 1 28.2743 0.3 450 200
6 1 29.8451 0.3 475 200
6 1 31.4159 0.3 500 200
6 1 32.9867 0.3 525 200
6 1 34.5575 0.3 550 200
6 1 36.1283 0.3 575 200
6 1 37.6991 0.3 600 200
6 1 39.2699 0.3 625 200
6 1 40.8407 0.3 650 200
6 1 42.4115 0.3 675 200